<Qucs Dataset 0.0.19>
<indep frequency 201>
  +5.00000000000000000000e+008
  +5.05000000000000000000e+008
  +5.10000000000000000000e+008
  +5.15000000000000000000e+008
  +5.20000000000000000000e+008
  +5.25000000000000000000e+008
  +5.30000000000000000000e+008
  +5.35000000000000000000e+008
  +5.40000000000000000000e+008
  +5.45000000000000000000e+008
  +5.50000000000000000000e+008
  +5.55000000000000000000e+008
  +5.60000000000000000000e+008
  +5.65000000000000000000e+008
  +5.70000000000000000000e+008
  +5.75000000000000000000e+008
  +5.80000000000000000000e+008
  +5.85000000000000000000e+008
  +5.90000000000000000000e+008
  +5.95000000000000000000e+008
  +6.00000000000000000000e+008
  +6.05000000000000000000e+008
  +6.10000000000000000000e+008
  +6.15000000000000000000e+008
  +6.20000000000000000000e+008
  +6.25000000000000000000e+008
  +6.30000000000000000000e+008
  +6.35000000000000000000e+008
  +6.40000000000000000000e+008
  +6.45000000000000000000e+008
  +6.50000000000000000000e+008
  +6.55000000000000000000e+008
  +6.60000000000000000000e+008
  +6.65000000000000000000e+008
  +6.70000000000000000000e+008
  +6.75000000000000000000e+008
  +6.80000000000000000000e+008
  +6.85000000000000000000e+008
  +6.90000000000000000000e+008
  +6.95000000000000000000e+008
  +7.00000000000000000000e+008
  +7.05000000000000000000e+008
  +7.10000000000000000000e+008
  +7.15000000000000000000e+008
  +7.20000000000000000000e+008
  +7.25000000000000000000e+008
  +7.30000000000000000000e+008
  +7.35000000000000000000e+008
  +7.40000000000000000000e+008
  +7.45000000000000000000e+008
  +7.50000000000000000000e+008
  +7.55000000000000000000e+008
  +7.60000000000000000000e+008
  +7.65000000000000000000e+008
  +7.70000000000000000000e+008
  +7.75000000000000000000e+008
  +7.80000000000000000000e+008
  +7.85000000000000000000e+008
  +7.90000000000000000000e+008
  +7.95000000000000000000e+008
  +8.00000000000000000000e+008
  +8.05000000000000000000e+008
  +8.10000000000000000000e+008
  +8.15000000000000000000e+008
  +8.20000000000000000000e+008
  +8.25000000000000000000e+008
  +8.30000000000000000000e+008
  +8.35000000000000000000e+008
  +8.40000000000000000000e+008
  +8.45000000000000000000e+008
  +8.50000000000000000000e+008
  +8.55000000000000000000e+008
  +8.60000000000000000000e+008
  +8.65000000000000000000e+008
  +8.70000000000000000000e+008
  +8.75000000000000000000e+008
  +8.80000000000000000000e+008
  +8.85000000000000000000e+008
  +8.90000000000000000000e+008
  +8.95000000000000000000e+008
  +9.00000000000000000000e+008
  +9.05000000000000000000e+008
  +9.10000000000000000000e+008
  +9.15000000000000000000e+008
  +9.20000000000000000000e+008
  +9.25000000000000000000e+008
  +9.30000000000000000000e+008
  +9.35000000000000000000e+008
  +9.40000000000000000000e+008
  +9.45000000000000000000e+008
  +9.50000000000000000000e+008
  +9.55000000000000000000e+008
  +9.60000000000000000000e+008
  +9.65000000000000000000e+008
  +9.70000000000000000000e+008
  +9.75000000000000000000e+008
  +9.80000000000000000000e+008
  +9.85000000000000000000e+008
  +9.90000000000000000000e+008
  +9.95000000000000000000e+008
  +1.00000000000000000000e+009
  +1.00500000000000000000e+009
  +1.01000000000000000000e+009
  +1.01500000000000000000e+009
  +1.02000000000000000000e+009
  +1.02500000000000000000e+009
  +1.03000000000000000000e+009
  +1.03500000000000000000e+009
  +1.04000000000000000000e+009
  +1.04500000000000000000e+009
  +1.05000000000000000000e+009
  +1.05500000000000000000e+009
  +1.06000000000000000000e+009
  +1.06500000000000000000e+009
  +1.07000000000000000000e+009
  +1.07500000000000000000e+009
  +1.08000000000000000000e+009
  +1.08500000000000000000e+009
  +1.09000000000000000000e+009
  +1.09500000000000000000e+009
  +1.10000000000000000000e+009
  +1.10500000000000000000e+009
  +1.11000000000000000000e+009
  +1.11500000000000000000e+009
  +1.12000000000000000000e+009
  +1.12500000000000000000e+009
  +1.13000000000000000000e+009
  +1.13500000000000000000e+009
  +1.14000000000000000000e+009
  +1.14500000000000000000e+009
  +1.15000000000000000000e+009
  +1.15500000000000000000e+009
  +1.16000000000000000000e+009
  +1.16500000000000000000e+009
  +1.17000000000000000000e+009
  +1.17500000000000000000e+009
  +1.18000000000000000000e+009
  +1.18500000000000000000e+009
  +1.19000000000000000000e+009
  +1.19500000000000000000e+009
  +1.20000000000000000000e+009
  +1.20500000000000000000e+009
  +1.21000000000000000000e+009
  +1.21500000000000000000e+009
  +1.22000000000000000000e+009
  +1.22500000000000000000e+009
  +1.23000000000000000000e+009
  +1.23500000000000000000e+009
  +1.24000000000000000000e+009
  +1.24500000000000000000e+009
  +1.25000000000000000000e+009
  +1.25500000000000000000e+009
  +1.26000000000000000000e+009
  +1.26500000000000000000e+009
  +1.27000000000000000000e+009
  +1.27500000000000000000e+009
  +1.28000000000000000000e+009
  +1.28500000000000000000e+009
  +1.29000000000000000000e+009
  +1.29500000000000000000e+009
  +1.30000000000000000000e+009
  +1.30500000000000000000e+009
  +1.31000000000000000000e+009
  +1.31500000000000000000e+009
  +1.32000000000000000000e+009
  +1.32500000000000000000e+009
  +1.33000000000000000000e+009
  +1.33500000000000000000e+009
  +1.34000000000000000000e+009
  +1.34500000000000000000e+009
  +1.35000000000000000000e+009
  +1.35500000000000000000e+009
  +1.36000000000000000000e+009
  +1.36500000000000000000e+009
  +1.37000000000000000000e+009
  +1.37500000000000000000e+009
  +1.38000000000000000000e+009
  +1.38500000000000000000e+009
  +1.39000000000000000000e+009
  +1.39500000000000000000e+009
  +1.40000000000000000000e+009
  +1.40500000000000000000e+009
  +1.41000000000000000000e+009
  +1.41500000000000000000e+009
  +1.42000000000000000000e+009
  +1.42500000000000000000e+009
  +1.43000000000000000000e+009
  +1.43500000000000000000e+009
  +1.44000000000000000000e+009
  +1.44500000000000000000e+009
  +1.45000000000000000000e+009
  +1.45500000000000000000e+009
  +1.46000000000000000000e+009
  +1.46500000000000000000e+009
  +1.47000000000000000000e+009
  +1.47500000000000000000e+009
  +1.48000000000000000000e+009
  +1.48500000000000000000e+009
  +1.49000000000000000000e+009
  +1.49500000000000000000e+009
  +1.50000000000000000000e+009
</indep>
<dep dBS22 frequency>
  -inf
  -inf
  -inf
  -inf
  -inf
  -inf
  -inf
  -inf
  -inf
  -inf
  -inf
  -inf
  -inf
  -inf
  -inf
  -inf
  -inf
  -inf
  -inf
  -inf
  -inf
  -inf
  -inf
  -inf
  -inf
  -inf
  -inf
  -inf
  -inf
  -inf
  -inf
  -inf
  -inf
  -inf
  -inf
  -inf
  -inf
  -inf
  -inf
  -inf
  -inf
  -inf
  -inf
  -inf
  -inf
  -inf
  -inf
  -inf
  -inf
  -inf
  -inf
  -inf
  -inf
  -inf
  -inf
  -inf
  -inf
  -inf
  -inf
  -inf
  -inf
  -inf
  -inf
  -inf
  -inf
  -inf
  -inf
  -inf
  -inf
  -inf
  -inf
  -inf
  -inf
  -inf
  -inf
  -inf
  -inf
  -inf
  -inf
  -inf
  -inf
  -inf
  -inf
  -inf
  -inf
  -inf
  -inf
  -inf
  -inf
  -inf
  -inf
  -inf
  -inf
  -inf
  -inf
  -inf
  -inf
  -inf
  -inf
  -inf
  -inf
  -inf
  -inf
  -inf
  -inf
  -inf
  -inf
  -inf
  -inf
  -inf
  -inf
  -inf
  -inf
  -inf
  -inf
  -inf
  -inf
  -inf
  -inf
  -inf
  -inf
  -inf
  -inf
  -inf
  -inf
  -inf
  -inf
  -inf
  -inf
  -inf
  -inf
  -inf
  -inf
  -inf
  -inf
  -inf
  -inf
  -inf
  -inf
  -inf
  -inf
  -inf
  -inf
  -inf
  -inf
  -inf
  -inf
  -inf
  -inf
  -inf
  -inf
  -inf
  -inf
  -inf
  -inf
  -inf
  -inf
  -inf
  -inf
  -inf
  -inf
  -inf
  -inf
  -inf
  -inf
  -inf
  -inf
  -inf
  -inf
  -inf
  -inf
  -inf
  -inf
  -inf
  -inf
  -inf
  -inf
  -inf
  -inf
  -inf
  -inf
  -inf
  -inf
  -inf
  -inf
  -inf
  -inf
  -inf
  -inf
  -inf
  -inf
  -inf
  -inf
  -inf
  -inf
  -inf
  -inf
  -inf
  -inf
  -inf
  -inf
</dep>
<dep dBS11 frequency>
  -3.80492786215683587159e+000
  -3.96198951712862568186e+000
  -4.12316557673921746385e+000
  -4.28847093999955930599e+000
  -4.45791899713890593659e+000
  -4.63152189373812728235e+000
  -4.80929081201337904616e+000
  -4.99123626787183383158e+000
  -5.17736842237970762426e+000
  -5.36769740633544412134e+000
  -5.56223365672698566442e+000
  -5.76098826397013841216e+000
  -5.96397332897323106948e+000
  -6.17120232925043943339e+000
  -6.38269049350947881294e+000
  -6.59845518436798350592e+000
  -6.81851628910447438159e+000
  -7.04289661862372007306e+000
  -7.27162231511070533685e+000
  -7.50472326916393051022e+000
  -7.74223354753527193139e+000
  -7.98419183296392187543e+000
  -8.23064187797629465138e+000
  -8.48163297493678847161e+000
  -8.73722044507905692967e+000
  -8.99746614973170366625e+000
  -9.26243902748077019282e+000
  -9.53221566159627009540e+000
  -9.80688088270017566117e+000
  -1.00865284123839220598e+001
  -1.03712615543107222749e+001
  -1.06611939402828532764e+001
  -1.09564503398403019219e+001
  -1.12571675432155320351e+001
  -1.15634953289351152250e+001
  -1.18755975290787567644e+001
  -1.21936532072319074871e+001
  -1.25178579665684281963e+001
  -1.28484254083581035388e+001
  -1.31855887646111398226e+001
  -1.35296027326785424094e+001
  -1.38807455445859027066e+001
  -1.42393213098899060753e+001
  -1.46056626781737541876e+001
  -1.49801338762707469954e+001
  -1.53631341863467696385e+001
  -1.57551019446374755972e+001
  -1.61565191576349818092e+001
  -1.65679168537963619201e+001
  -1.69898813156328429841e+001
  -1.74230613709881652085e+001
  -1.78681769656273843339e+001
  -1.83260292949133756224e+001
  -1.87975128444091446056e+001
  -1.92836297832802401331e+001
  -1.97855072781209138100e+001
  -2.03044184591141494423e+001
  -2.08418079905615272196e+001
  -2.13993234956346967124e+001
  -2.19788544922098409984e+001
  -2.25825810587224218295e+001
  -2.32130352335210972115e+001
  -2.38731792580053827635e+001
  -2.45665063513893322522e+001
  -2.52971719741728762187e+001
  -2.60701668236884884777e+001
  -2.68915475728798512023e+001
  -2.77687482230601467847e+001
  -2.87110045108875588937e+001
  -2.97299360232268270465e+001
  -3.08403421242066642094e+001
  -3.20612621581663503889e+001
  -3.34172637827980452130e+001
  -3.49395151482955697020e+001
  -3.66645487815408870347e+001
  -3.86221790053908122786e+001
  -4.07800503016748123741e+001
  -4.28494490175919082731e+001
  -4.39676594438987535796e+001
  -4.33594898307128033821e+001
  -4.16746716900975471276e+001
  -3.98358306098382470850e+001
  -3.81833241704594499311e+001
  -3.67649316963153864890e+001
  -3.55537214116053092994e+001
  -3.45129795342664777991e+001
  -3.36108127120803956700e+001
  -3.28219718078562223695e+001
  -3.21268807668585623105e+001
  -3.15103356106221390576e+001
  -3.09604122260547676149e+001
  -3.04676413581755980431e+001
  -3.00244039860610989479e+001
  -2.96244901857311830895e+001
  -2.92627753377139221413e+001
  -2.89349799491619386060e+001
  -2.86374892610665483517e+001
  -2.83672159516691522185e+001
  -2.81214942210424645452e+001
  -2.78979969723120682090e+001
  -2.76946701742848375716e+001
  -2.75096801382507081257e+001
  -2.73413705998839802191e+001
  -2.71882273213610901053e+001
  -2.70488485239694895768e+001
  -2.69219198986165295651e+001
  -2.68061932692272577583e+001
  -2.67004682354175351122e+001
  -2.66035763191124949856e+001
  -2.65143673009257341278e+001
  -2.64316975668915823405e+001
  -2.63544204014164904493e+001
  -2.62813782617314402046e+001
  -2.62113971534922072237e+001
  -2.61432832947756956798e+001
  -2.60758223024490440878e+001
  -2.60077811547128412428e+001
  -2.59379131691609572385e+001
  -2.58649661793829501732e+001
  -2.57876939887710356913e+001
  -2.57048710250399814470e+001
  -2.56153099161033814823e+001
  -2.55178814683174977063e+001
  -2.54115362718740058767e+001
  -2.52953269142051837548e+001
  -2.51684295858859954365e+001
  -2.50301637510415915244e+001
  -2.48800085565327790960e+001
  -2.47176147889527833001e+001
  -2.45428114546144691133e+001
  -2.43556064325789023428e+001
  -2.41561810924660917976e+001
  -2.39448792228776170532e+001
  -2.37221910259987964764e+001
  -2.34887332508207116177e+001
  -2.32452267298041164167e+001
  -2.29924726411284225946e+001
  -2.27313287509870463055e+001
  -2.24626867235740768081e+001
  -2.21874513552371084302e+001
  -2.19065223300561058295e+001
  -2.16207788388145907277e+001
  -2.13310671758673464637e+001
  -2.10381912433952358299e+001
  -2.07429057558576737108e+001
  -2.04459118481339494622e+001
  -2.01478547432682049134e+001
  -1.98493231218433727747e+001
  -1.95508498460566855215e+001
  -1.92529137193208867984e+001
  -1.89559419996707774203e+001
  -1.86603134269109354193e+001
  -1.83663615653167830999e+001
  -1.80743783031364770864e+001
  -1.77846173855755864679e+001
  -1.74972978886338275117e+001
  -1.72126075669336877638e+001
  -1.69307060297535194593e+001
  -1.66517277162798151835e+001
  -1.63757846541681928443e+001
  -1.61029689954196619794e+001
  -1.58333553308885743860e+001
  -1.55670027899411813621e+001
  -1.53039569353207554059e+001
  -1.50442514655186307948e+001
  -1.47879097382126687421e+001
  -1.45349461288639592027e+001
  -1.42853672385641843334e+001
  -1.40391729648558296617e+001
  -1.37963574486259794583e+001
  -1.35569099093981133564e+001
  -1.33208153804804503295e+001
  -1.30880553545270004179e+001
  -1.28586083491641751664e+001
  -1.26324504014557668086e+001
  -1.24095554991404632972e+001
  -1.21898959557874846382e+001
  -1.19734427362844328968e+001
  -1.17601657383986371030e+001
  -1.15500340355385393565e+001
  -1.13430160852847308206e+001
  -1.11390799077576918563e+001
  -1.09381932374354668980e+001
  -1.07403236516313178583e+001
  -1.05454386784778577635e+001
  -1.03535058869419920313e+001
  -1.01644929611082890375e+001
  -9.97836776071245523667e+000
  -9.79509836968138358770e+000
  -9.61465313423467549114e+000
  -9.43700069192576940225e+000
  -9.26210999284283253985e+000
  -9.08995031405072140274e+000
  -8.92049126823209626025e+000
  -8.75370280737650929836e+000
  -8.58955522226982992606e+000
  -8.42801913845078587428e+000
  -8.26906550922546479399e+000
  -8.11266560626341259876e+000
  -7.95879100823885110572e+000
  -7.80741358792784367893e+000
</dep>
<dep S[1,1] frequency>
  -3.49467301144040787264e-003-j6.45278563663074677947e-001
  -1.67806408354495006918e-002-j6.33502329450893242324e-001
  -2.95367392210575396838e-002-j6.21371914661305035921e-001
  -4.17500760264912229580e-002-j6.08916884162205462871e-001
  -5.34098129893011419611e-002-j5.96167307615884101146e-001
  -6.45071741226571071515e-002-j5.83153587140262441579e-001
  -7.50354374817694957933e-002-j5.69906287714198045435e-001
  -8.49899110320687656284e-002-j5.56455972095571294034e-001
  -9.43678935497257453946e-002-j5.42833041873796551258e-001
  -1.03168621656083092653e-001-j5.29067586108967757852e-001
  -1.11393204228302677983e-001-j5.15189238823316242311e-001
  -1.19044545537863089013e-001-j5.01227046412452303947e-001
  -1.26127258546114395799e-001-j4.87209345839297536251e-001
  -1.32647569832625433772e-001-j4.73163654267739208770e-001
  -1.38613217648895392653e-001-j4.59116570590571815291e-001
  -1.44033344579259869889e-001-j4.45093689111373369549e-001
  -1.48918386255166207421e-001-j4.31119525456197694169e-001
  -1.53279957511372161294e-001-j4.17217454621288785788e-001
  -1.57130737296447609008e-001-j4.03409660909733625012e-001
  -1.60484353558511261273e-001-j3.89717099374633835218e-001
  -1.63355269224010501983e-001-j3.76159468270063745976e-001
  -1.65758670275753583478e-001-j3.62755191914105989959e-001
  -1.67710356819603056966e-001-j3.49521413290553306652e-001
  -1.69226637910079746874e-001-j3.36473995656810243027e-001
  -1.70324230786270375271e-001-j3.23627532384210603311e-001
  -1.71020165053115152931e-001-j3.10995364232053927989e-001
  -1.71331692231355248168e-001-j2.98589603246770196598e-001
  -1.71276200993631833036e-001-j2.86421162481011182255e-001
  -1.70871138305746017583e-001-j2.74499790742505467289e-001
  -1.70133936601772117747e-001-j2.62834111607392784116e-001
  -1.69081947040108371283e-001-j2.51431665965822614961e-001
  -1.67732378815053484455e-001-j2.40298957407120539198e-001
  -1.66102244435091139785e-001-j2.29441499796322390115e-001
  -1.64208310824674796891e-001-j2.18863866441869975299e-001
  -1.62067056060635039660e-001-j2.08569740304470979675e-001
  -1.59694631516886065281e-001-j1.98561964748386388102e-001
  -1.57106829161443195542e-001-j1.88842594387769513453e-001
  -1.54319053727210719895e-001-j1.79412945631254205914e-001
  -1.51346299461905531292e-001-j1.70273646577081744224e-001
  -1.48203131152221834199e-001-j1.61424685958135610830e-001
  -1.44903669112187605261e-001-j1.52865460880864167947e-001
  -1.41461577824961604044e-001-j1.44594823143860240489e-001
  -1.37890057930443177270e-001-j1.36611123960700575619e-001
  -1.34201841257394705043e-001-j1.28912256947313674793e-001
  -1.30409188607735149201e-001-j1.21495699266602058541e-001
  -1.26523890011741524386e-001-j1.14358550852397738984e-001
  -1.22557267185630924811e-001-j1.07497571660971125151e-001
  -1.18520177936942749941e-001-j1.00909216921543393175e-001
  -1.14423022277923391865e-001-j9.45896703775311042950e-002
  -1.10275750022461760391e-001-j8.85348755278932142421e-002
  -1.06087869657660704981e-001-j8.27405648930187032075e-002
  -1.01868458296704933463e-001-j7.72022873423356958966e-002
  -9.76261725350595077622e-002-j7.19154335314506204524e-002
  -9.33692600470352740416e-002-j6.68752595052494180905e-002
  -8.91055717742887387622e-002-j6.20769085303177689528e-002
  -8.48425745717614199215e-002-j5.75154312253528532395e-002
  -8.05873641898265380412e-002-j5.31858040621731517628e-002
  -7.63466784839731404944e-002-j4.90829463126431497777e-002
  -7.21269107551562038694e-002-j4.52017355184657909639e-002
  -6.79341231349646634818e-002-j4.15370215615116708530e-002
  -6.37740599400152263776e-002-j3.80836394122764376746e-002
  -5.96521609294741739227e-002-j3.48364206333122081172e-002
  -5.55735744083166172125e-002-j3.17902037131837233996e-002
  -5.15431701269503106388e-002-j2.89398433047290369602e-002
  -4.75655519351123046157e-002-j2.62802184392915902378e-002
  -4.36450701545790797908e-002-j2.38062397861427063606e-002
  -3.97858336412041935226e-002-j2.15128560237046982662e-002
  -3.59917215121901001851e-002-j1.93950593863434217479e-002
  -3.22663945193441548120e-002-j1.74478904476138528545e-002
  -2.86133060533257377323e-002-j1.56664421978416588954e-002
  -2.50357127677621749129e-002-j1.40458634709258699258e-002
  -2.15366848154436296703e-002-j1.25813617722483617190e-002
  -1.81191156917865914266e-002-j1.12682055566082905962e-002
  -1.47857316833161500647e-002-j1.01017260021762349947e-002
  -1.15391009211861517159e-002-j9.07731832364226318144e-003
  -8.38164204164504322847e-003-j8.19044266496711526049e-003
  -5.31563245703753350924e-003-j7.43662460949366492524e-003
  -2.34321624228761571374e-003-j6.81145534263954879201e-003
  +5.33588357016834269331e-004-j6.31059149994797532329e-003
  +3.31288178785055231756e-003-j5.92975473096735844480e-003
  +5.99287641646167879017e-003-j5.66473100722991035338e-003
  +8.57189011009656942619e-003-j5.51136970051967819278e-003
  +1.10483401648256429617e-002-j5.46558245567661110664e-003
  +1.34207375701994591211e-002-j5.52334188033074859059e-003
  +1.56876816012579967108e-002-j5.68068007224506107966e-003
  +1.78478547282661104134e-002-j5.93368700333002895009e-003
  +1.99000178344942435515e-002-j6.27850877790579742221e-003
  +2.18430057324177639977e-002-j6.71134578137273091203e-003
  +2.36757229687614145774e-002-j7.22845073417169216995e-003
  +2.53971399089668592453e-002-j7.82612666472035610477e-003
  +2.70062890918502107596e-002-j8.50072481389101131111e-003
  +2.85022618454167098179e-002-j9.24864248260071075691e-003
  +2.98842051550613496680e-002-j1.00663208331456081879e-002
  +3.11513187756469744905e-002-j1.09502426540461182680e-002
  +3.23028525792445342368e-002-j1.18969300974180718783e-002
  +3.33381041306186620687e-002-j1.29029423971588601966e-002
  +3.42564164828429995602e-002-j1.39648735756047158441e-002
  +3.50571761857727537404e-002-j1.50793501457487082867e-002
  +3.57398115003849659033e-002-j1.62430288155764566971e-002
  +3.63037908123289843054e-002-j1.74525942006275303076e-002
  +3.67486212383535404413e-002-j1.87047565504841126205e-002
  +3.70738474195603240346e-002-j1.99962494945174172611e-002
  +3.72790504957374868589e-002-j2.13238278119186296100e-002
  +3.73638472553344258564e-002-j2.26842652307644651599e-002
  +3.73278894558894402955e-002-j2.40743522606439164235e-002
  +3.71708633099880891848e-002-j2.54908940631715930092e-002
  +3.68924891321075754114e-002-j2.69307083645515220327e-002
  +3.64925211418876682679e-002-j2.83906234142428069711e-002
  +3.59707474196356846718e-002-j2.98674759936661225745e-002
  +3.53269900100323663850e-002-j3.13581094788300540621e-002
  +3.45611051702057192614e-002-j3.28593719607070330890e-002
  +3.36729837585064695205e-002-j3.43681144271780758537e-002
  +3.26625517604332560317e-002-j3.58811890103507419303e-002
  +3.15297709483154942056e-002-j3.73954473030958522983e-002
  +3.02746396714215770807e-002-j3.89077387486697554020e-002
  +2.88971937732686590117e-002-j4.04149091073571706256e-002
  +2.73975076329479039217e-002-j4.19137990041255070750e-002
  +2.57756953273080569033e-002-j4.34012425613767294230e-002
  +2.40319119108695633535e-002-j4.48740661209654431718e-002
  +2.21663548102943863682e-002-j4.63290870597505288764e-002
  +2.01792653302224067602e-002-j4.77631127030680308065e-002
  +1.80709302671940297280e-002-j4.91729393406021286772e-002
  +1.58416836283231110549e-002-j5.05553513492798950457e-002
  +1.34919084512084563876e-002-j5.19071204278888503891e-002
  +1.10220387214949311350e-002-j5.32250049482852899407e-002
  +8.43256138426845547329e-003-j5.45057494281145221704e-002
  +5.72401844530490144791e-003-j5.57460841301337106657e-002
  +2.89700915794283142546e-003-j5.69427247932730445923e-002
  -4.78077088667538951938e-005-j5.80923725007138486154e-002
  -3.10971152610423073881e-003-j5.91917136902951265820e-002
  -6.28791738886474993464e-003-j6.02374203126725543678e-002
  -9.58157363455536259522e-003-j6.12261501426589679897e-002
  -1.29897593008765355194e-002-j6.21545472492529491038e-002
  -1.65114815296891204177e-002-j6.30192426298196578527e-002
  -2.01456729233205900087e-002-j6.38168550139359552764e-002
  -2.38911888602806876669e-002-j6.45439918422970881906e-002
  -2.77468047777992277148e-002-j6.51972504260833057854e-002
  -3.17112134291019365229e-002-j6.57732192920171265804e-002
  -3.57830221238017442964e-002-j6.62684797182553214645e-002
  -3.99607499603397142707e-002-j6.66796074660331167250e-002
  -4.42428250598883021638e-002-j6.70031747118038922828e-002
  -4.86275818117085645298e-002-j6.72357521843070932155e-002
  -5.31132581404958892257e-002-j6.73739115107317709796e-002
  -5.76979928067902769762e-002-j6.74142277757429075891e-002
  -6.23798227521120129957e-002-j6.73532822967499722466e-002
  -6.71566805010307410484e-002-j6.71876656183163362135e-002
  -7.20263916329360598390e-002-j6.69139807280857284999e-002
  -7.69866723368282657169e-002-j6.65288464960220732314e-002
  -8.20351270629728901440e-002-j6.60289013381049061380e-002
  -8.71692462857980299162e-002-j6.54108071049147588027e-002
  -9.23864043928649403270e-002-j6.46712531947874896820e-002
  -9.76838577152502329781e-002-j6.38069608903561874547e-002
  -1.03058742715055051686e-001-j6.28146879164123150829e-002
  -1.08508074346155836132e-001-j6.16912332160586204810e-002
  -1.14028744604649345806e-001-j6.04334419410801210182e-002
  -1.19617521285679762055e-001-j5.90382106513826915295e-002
  -1.25271046963579824052e-001-j5.75024927171981919960e-002
  -1.30985838212364313904e-001-j5.58233039165346583976e-002
  -1.36758285083677655347e-001-j5.39977282190993168598e-002
  -1.42584650859260586575e-001-j5.20229237466088845210e-002
  -1.48461072094880575101e-001-j4.98961288980446088237e-002
  -1.54383558972430667833e-001-j4.76146686270038088651e-002
  -1.60347995976565793619e-001-j4.51759608569063247918e-002
  -1.66350142911801890389e-001-j4.25775230183137384787e-002
  -1.72385636275419196206e-001-j3.98169786912146994595e-002
  -1.78449991000809549124e-001-j3.68920643335992476386e-002
  -1.84538602585082089913e-001-j3.38006360762317381585e-002
  -1.90646749613773869303e-001-j3.05406765620465023292e-002
  -1.96769596694386150748e-001-j2.71103018071886456286e-002
  -2.02902197809247675231e-001-j2.35077680593357360439e-002
  -2.09039500096785735295e-001-j1.97314786276091523598e-002
  -2.15176348068770950661e-001-j1.57799906571444159553e-002
  -2.21307488269420177263e-001-j1.16520218201815427272e-002
  -2.27427574380425434608e-001-j7.34645689449941845239e-003
  -2.33531172774039563755e-001-j2.86235419904923207163e-003
  -2.39612768514264218300e-001+j1.80104814423764914011e-003
  -2.45666771804005479307e-001+j6.64432615409926621147e-003
  -2.51687524873748458276e-001+j1.16678641712859541835e-002
  -2.57669309304900007174e-001+j1.68718493101612798668e-002
  -2.63606353778471580451e-001+j2.22562662133018937527e-002
  -2.69492842237203544808e-001+j2.78208921418156007732e-002
  -2.75322922446607276648e-001+j3.35652924338544211835e-002
  -2.81090714937787533589e-001+j3.94888163633713151768e-002
  -2.86790322312185153031e-001+j4.55905934304552257208e-002
  -2.92415838885753620602e-001+j5.18695301136682246357e-002
  -2.97961360647427175863e-001+j5.83243071136778368224e-002
  -3.03420995504127710696e-001+j6.49533771160369782782e-002
  -3.08788873782068762353e-001+j7.17549630993505604959e-002
  -3.14059158951645711610e-001+j7.87270572131644197356e-002
  -3.19226058540934110042e-001+j8.58674202477988923743e-002
  -3.24283835200614656280e-001+j9.31735817160018464644e-002
  -3.29226817881185906955e-001+j1.00642840563708105273e-001
  -3.34049413081496604505e-001+j1.08272266524440288760e-001
  -3.38746116126055540896e-001+j1.16058702128888135974e-001
  -3.43311522427218074327e-001+j1.23998765378093150913e-001
  -3.47740338687264172179e-001+j1.32088853085331248138e-001
  -3.52027393994547244116e-001+j1.40325144888403974264e-001
  -3.56167650767374333043e-001+j1.48703607930471770615e-001
  -3.60156215499037590799e-001+j1.57220002203993652889e-001
  -3.63988349257514332002e-001+j1.65869886548651201963e-001
  -3.67659477893741315491e-001+j1.74648625290460379755e-001
</dep>
